DAdada
993
kurac
dada
0


103092018664


846366255350784


54887620458577944


8589934605


54988535010164738


8589934590


103079413712


54983552848101376


160528710458888


844424930328576


115976920552


176106462724


198764


137439150532


31345517434964072


8606198619544681128


13


55841586928


103079215117


0


8589934595


54993860769611776


8606197683241810616


0


8372606979086678744


12779520


30116654276935693


30112943425191949


18113328786178048


54888445092298765


9583662785901058984


54887620458577957


19609278780276736


158913789965


72339099079409673


158926570080


19602192084238336


0


8607055843477355375


18446744067699430654


30113785245793164


30116654283946896


19633575417282312


0


8372865381499075439


30112891898387152


927712935936


1786706395352


18036874086146208

DADA
99
b
DADA
99
fuck
DADA
993
fuck
